<svg xmlns="http://www.w3.org/2000/svg" width="64" height="64" viewBox="-2.5721272649478877 244.27977350578792 45.91669065969762 45.91669065969762"><defs>
    <filter style="color-interpolation-filters:sRGB" x="-0.1940961" y="-0.046480109" width="1.3881922" height="1.0929602">
      <feGaussianBlur stdDeviation="3.4637856"/>
    </filter>
  </defs><g transform="matrix(0.1984375,0,0,0.1984375,-534.98886,248.53337)">
      <g transform="matrix(-0.11442892,0.8518742,-0.8518742,-0.11442892,3154.5773,-2331.2795)">
        <path d="m 2820.2719,-69.834343 c -0.8779,1.443093 -1.2958,3.159521 -1.8106,4.773542 -2.3882,8.574524 -3.6037,17.485823 -4.049,26.379404 -0.1884,5.684018 -0.1531,11.524966 1.6222,16.984602 0.757,2.051698 1.8439,4.210735 3.7955,5.34924 0.6481,0.564484 1.3015,-0.158433 1.8112,-0.54059 2.5481,-2.163921 3.4018,-5.602717 4.0327,-8.744133 1.1012,-6.509615 0.7184,-13.164001 0.1501,-19.707607 -0.7491,-7.283684 -1.9479,-14.562157 -4.1276,-21.562648 -0.3659,-1.001464 -0.6743,-2.079485 -1.314,-2.939702 -0.036,-0.01126 -0.076,-0.01227 -0.1105,0.0079 z" style="fill:#b8a89d;fill-opacity:1;stroke:#000000;stroke-width:0.757614;stroke-linecap:square;stroke-linejoin:miter;stroke-miterlimit:4;stroke-dasharray:none;stroke-dashoffset:0;stroke-opacity:1"/>
        <path d="M 2820.3585,-16.292889 V -69.629727" style="fill:none;stroke:#000000;stroke-width:1px;stroke-linecap:butt;stroke-linejoin:miter;stroke-opacity:1"/>
        <g style="fill:#4d4d4d;fill-opacity:1">
          <g style="fill:#4d4d4d;fill-opacity:1;stroke:none" transform="translate(-199.99856,-108.43317)">
            <path d="m 3024.8613,84.189867 c -1.4096,1.066349 -2.7097,2.297956 -4.0426,3.470426 -0.062,0.792466 -0.043,1.618277 -0.01,2.420815 0.023,0.323983 0.4224,0.196791 0.5584,0.02959 0.8193,-0.696227 1.6877,-1.358359 2.4188,-2.144601 0.5041,-0.738534 0.6533,-1.657444 0.9426,-2.490826 0.094,-0.405686 0.2634,-0.809115 0.2747,-1.224247 -0.014,-0.06002 -0.095,-0.08002 -0.144,-0.06116 z" style="fill:#4d4d4d;fill-opacity:1;stroke:none"/>
            <path d="m 3025.7294,77.481822 c -0.5455,0.324508 -0.9965,0.817346 -1.5073,1.20153 -1.1502,0.984271 -2.3267,1.959924 -3.4205,2.996758 0.012,0.830888 -0.077,1.686864 0.039,2.51173 0.2301,0.273201 0.5675,-0.130573 0.7684,-0.265672 1.3718,-1.189297 2.767,-2.35687 4.0851,-3.607237 0.1125,-0.897584 0.2253,-1.819896 0.2111,-2.730569 -0.015,-0.07962 -0.1031,-0.117544 -0.1756,-0.10654 z" style="fill:#4d4d4d;fill-opacity:1;stroke:none"/>
            <path d="m 3025.8478,71.347908 c -1.7279,1.352651 -3.3679,2.827202 -5.0192,4.277365 -0.065,0.774067 -0.051,1.581354 -0.016,2.365572 -0.03,0.24549 0.2488,0.416315 0.4301,0.224916 1.613,-1.317636 3.2159,-2.67265 4.7548,-4.084015 0.082,-0.8798 0.075,-1.796026 0,-2.68519 -0.01,-0.06743 -0.088,-0.125962 -0.1539,-0.09865 z" style="fill:#4d4d4d;fill-opacity:1;stroke:none"/>
            <path d="m 3025.5262,65.600692 c -1.6003,1.329183 -3.2089,2.668775 -4.7246,4.083857 0.012,0.830855 -0.077,1.687117 0.039,2.511729 0.2302,0.27419 0.565,-0.131633 0.7646,-0.267471 1.4196,-1.230903 2.8587,-2.447207 4.229,-3.731707 0.034,-0.7722 -0.033,-1.575543 -0.1151,-2.352848 -0.017,-0.105345 -0.026,-0.332497 -0.1927,-0.24356 z" style="fill:#4d4d4d;fill-opacity:1;stroke:none"/>
            <path d="m 3025.0389,60.052745 c -1.4769,1.097055 -2.8171,2.375086 -4.2123,3.576966 -0.066,0.768131 -0.045,1.569313 -0.016,2.347815 -0.037,0.237927 0.219,0.453339 0.4143,0.254512 1.4292,-1.179154 2.8235,-2.414853 4.2005,-3.653912 -0.01,-0.808982 -0.1531,-1.641618 -0.2506,-2.454355 -0.01,-0.07401 -0.088,-0.05861 -0.1361,-0.07103 z" style="fill:#4d4d4d;fill-opacity:1;stroke:none"/>
            <path d="m 3024.2832,54.680391 c -0.9572,0.671193 -1.7909,1.51996 -2.6891,2.272856 -0.2422,0.285273 -0.687,0.461629 -0.8032,0.81679 0.034,0.808433 -0.079,1.640818 0.053,2.436598 0.2276,0.268149 0.5473,-0.135991 0.7359,-0.258457 1.0582,-0.897691 2.1016,-1.837811 3.1685,-2.736487 0.014,-0.664285 -0.1785,-1.353651 -0.2544,-2.026307 -0.065,-0.147962 0.021,-0.503562 -0.2112,-0.504993 z" style="fill:#4d4d4d;fill-opacity:1;stroke:none"/>
            <path d="m 3023.2889,49.544791 c -0.8812,0.618644 -1.6444,1.390768 -2.4643,2.089359 -0.067,0.789145 -0.038,1.611158 -0.02,2.41095 -0.031,0.256177 0.2705,0.331057 0.4301,0.165728 0.8726,-0.720675 1.7417,-1.446297 2.557,-2.233384 0.2377,-0.279552 -0.046,-0.682279 -0.044,-1.004956 -0.1005,-0.463652 -0.1721,-0.933233 -0.315,-1.384292 -0.047,-0.01552 -0.087,-0.08682 -0.144,-0.04341 z" style="fill:#4d4d4d;fill-opacity:1;stroke:none"/>
            <path d="m 3022.1347,44.574919 c -0.5022,0.255969 -0.8723,0.714668 -1.314,1.06145 -0.068,0.787838 -0.034,1.608527 -0.016,2.407004 -0.034,0.253983 0.2662,0.339141 0.4262,0.171647 0.5346,-0.438631 1.0939,-0.870774 1.5665,-1.367257 -0.031,-0.549328 -0.2636,-1.101794 -0.3752,-1.649199 -0.104,-0.164395 -0.035,-0.610572 -0.2877,-0.623645 z" style="fill:#4d4d4d;fill-opacity:1;stroke:none"/>
            <path d="m 3020.8384,40.449472 c -0.1087,0.485622 -0.032,1.028894 -0.043,1.536931 -0.058,0.258767 0.2203,0.420996 0.4203,0.256485 0.3431,-0.115786 0.3084,-0.43255 0.1519,-0.702372 -0.1384,-0.369226 -0.2311,-0.773699 -0.4439,-1.100909 l -0.063,0.0073 -0.022,0.0026 z" style="fill:#4d4d4d;fill-opacity:1;stroke:none"/>
          </g>
          <g style="fill:#4d4d4d;fill-opacity:1;stroke:none" transform="matrix(-1,0,0,1,5840.7118,-108.43317)">
            <path style="fill:#4d4d4d;fill-opacity:1;stroke:none" d="m 3024.8613,84.189867 c -1.4096,1.066349 -2.7097,2.297956 -4.0426,3.470426 -0.062,0.792466 -0.043,1.618277 -0.01,2.420815 0.023,0.323983 0.4224,0.196791 0.5584,0.02959 0.8193,-0.696227 1.6877,-1.358359 2.4188,-2.144601 0.5041,-0.738534 0.6533,-1.657444 0.9426,-2.490826 0.094,-0.405686 0.2634,-0.809115 0.2747,-1.224247 -0.014,-0.06002 -0.095,-0.08002 -0.144,-0.06116 z"/>
            <path style="fill:#4d4d4d;fill-opacity:1;stroke:none" d="m 3025.7294,77.481822 c -0.5455,0.324508 -0.9965,0.817346 -1.5073,1.20153 -1.1502,0.984271 -2.3267,1.959924 -3.4205,2.996758 0.012,0.830888 -0.077,1.686864 0.039,2.51173 0.2301,0.273201 0.5675,-0.130573 0.7684,-0.265672 1.3718,-1.189297 2.767,-2.35687 4.0851,-3.607237 0.1125,-0.897584 0.2253,-1.819896 0.2111,-2.730569 -0.015,-0.07962 -0.1031,-0.117544 -0.1756,-0.10654 z"/>
            <path style="fill:#4d4d4d;fill-opacity:1;stroke:none" d="m 3025.8478,71.347908 c -1.7279,1.352651 -3.3679,2.827202 -5.0192,4.277365 -0.065,0.774067 -0.051,1.581354 -0.016,2.365572 -0.03,0.24549 0.2488,0.416315 0.4301,0.224916 1.613,-1.317636 3.2159,-2.67265 4.7548,-4.084015 0.082,-0.8798 0.075,-1.796026 0,-2.68519 -0.01,-0.06743 -0.088,-0.125962 -0.1539,-0.09865 z"/>
            <path style="fill:#4d4d4d;fill-opacity:1;stroke:none" d="m 3025.5262,65.600692 c -1.6003,1.329183 -3.2089,2.668775 -4.7246,4.083857 0.012,0.830855 -0.077,1.687117 0.039,2.511729 0.2302,0.27419 0.565,-0.131633 0.7646,-0.267471 1.4196,-1.230903 2.8587,-2.447207 4.229,-3.731707 0.034,-0.7722 -0.033,-1.575543 -0.1151,-2.352848 -0.017,-0.105345 -0.026,-0.332497 -0.1927,-0.24356 z"/>
            <path style="fill:#4d4d4d;fill-opacity:1;stroke:none" d="m 3025.0389,60.052745 c -1.4769,1.097055 -2.8171,2.375086 -4.2123,3.576966 -0.066,0.768131 -0.045,1.569313 -0.016,2.347815 -0.037,0.237927 0.219,0.453339 0.4143,0.254512 1.4292,-1.179154 2.8235,-2.414853 4.2005,-3.653912 -0.01,-0.808982 -0.1531,-1.641618 -0.2506,-2.454355 -0.01,-0.07401 -0.088,-0.05861 -0.1361,-0.07103 z"/>
            <path style="fill:#4d4d4d;fill-opacity:1;stroke:none" d="m 3024.2832,54.680391 c -0.9572,0.671193 -1.7909,1.51996 -2.6891,2.272856 -0.2422,0.285273 -0.687,0.461629 -0.8032,0.81679 0.034,0.808433 -0.079,1.640818 0.053,2.436598 0.2276,0.268149 0.5473,-0.135991 0.7359,-0.258457 1.0582,-0.897691 2.1016,-1.837811 3.1685,-2.736487 0.014,-0.664285 -0.1785,-1.353651 -0.2544,-2.026307 -0.065,-0.147962 0.021,-0.503562 -0.2112,-0.504993 z"/>
            <path style="fill:#4d4d4d;fill-opacity:1;stroke:none" d="m 3023.2889,49.544791 c -0.8812,0.618644 -1.6444,1.390768 -2.4643,2.089359 -0.067,0.789145 -0.038,1.611158 -0.02,2.41095 -0.031,0.256177 0.2705,0.331057 0.4301,0.165728 0.8726,-0.720675 1.7417,-1.446297 2.557,-2.233384 0.2377,-0.279552 -0.046,-0.682279 -0.044,-1.004956 -0.1005,-0.463652 -0.1721,-0.933233 -0.315,-1.384292 -0.047,-0.01552 -0.087,-0.08682 -0.144,-0.04341 z"/>
            <path style="fill:#4d4d4d;fill-opacity:1;stroke:none" d="m 3022.1347,44.574919 c -0.5022,0.255969 -0.8723,0.714668 -1.314,1.06145 -0.068,0.787838 -0.034,1.608527 -0.016,2.407004 -0.034,0.253983 0.2662,0.339141 0.4262,0.171647 0.5346,-0.438631 1.0939,-0.870774 1.5665,-1.367257 -0.031,-0.549328 -0.2636,-1.101794 -0.3752,-1.649199 -0.104,-0.164395 -0.035,-0.610572 -0.2877,-0.623645 z"/>
            <path style="fill:#4d4d4d;fill-opacity:1;stroke:none" d="m 3020.8384,40.449472 c -0.1087,0.485622 -0.032,1.028894 -0.043,1.536931 -0.058,0.258767 0.2203,0.420996 0.4203,0.256485 0.3431,-0.115786 0.3084,-0.43255 0.1519,-0.702372 -0.1384,-0.369226 -0.2311,-0.773699 -0.4439,-1.100909 l -0.063,0.0073 -0.022,0.0026 z"/>
          </g>
        </g>
      </g>
      <g transform="rotate(81.897014,2781.909,43.073983)">
        <path d="m 2820.2719,-69.834343 c -0.8779,1.443093 -1.2958,3.159521 -1.8106,4.773542 -2.3882,8.574524 -3.6037,17.485823 -4.049,26.379404 -0.1884,5.684018 -0.1531,11.524966 1.6222,16.984602 0.757,2.051698 1.8439,4.210735 3.7955,5.34924 0.6481,0.564484 1.3015,-0.158433 1.8112,-0.54059 2.5481,-2.163921 3.4018,-5.602717 4.0327,-8.744133 1.1012,-6.509615 0.7184,-13.164001 0.1501,-19.707607 -0.7491,-7.283684 -1.9479,-14.562157 -4.1276,-21.562648 -0.3659,-1.001464 -0.6743,-2.079485 -1.314,-2.939702 -0.036,-0.01126 -0.076,-0.01227 -0.1105,0.0079 z" style="fill:#b8a89d;fill-opacity:1;stroke:#000000;stroke-width:0.757614;stroke-linecap:square;stroke-linejoin:miter;stroke-miterlimit:4;stroke-dasharray:none;stroke-dashoffset:0;stroke-opacity:1"/>
        <path d="M 2820.3585,-16.292889 V -69.629727" style="fill:none;stroke:#000000;stroke-width:1px;stroke-linecap:butt;stroke-linejoin:miter;stroke-opacity:1"/>
        <g style="fill:#4d4d4d;fill-opacity:1">
          <g style="fill:#4d4d4d;fill-opacity:1;stroke:none" transform="translate(-199.99856,-108.43317)">
            <path d="m 3024.8613,84.189867 c -1.4096,1.066349 -2.7097,2.297956 -4.0426,3.470426 -0.062,0.792466 -0.043,1.618277 -0.01,2.420815 0.023,0.323983 0.4224,0.196791 0.5584,0.02959 0.8193,-0.696227 1.6877,-1.358359 2.4188,-2.144601 0.5041,-0.738534 0.6533,-1.657444 0.9426,-2.490826 0.094,-0.405686 0.2634,-0.809115 0.2747,-1.224247 -0.014,-0.06002 -0.095,-0.08002 -0.144,-0.06116 z" style="fill:#4d4d4d;fill-opacity:1;stroke:none"/>
            <path d="m 3025.7294,77.481822 c -0.5455,0.324508 -0.9965,0.817346 -1.5073,1.20153 -1.1502,0.984271 -2.3267,1.959924 -3.4205,2.996758 0.012,0.830888 -0.077,1.686864 0.039,2.51173 0.2301,0.273201 0.5675,-0.130573 0.7684,-0.265672 1.3718,-1.189297 2.767,-2.35687 4.0851,-3.607237 0.1125,-0.897584 0.2253,-1.819896 0.2111,-2.730569 -0.015,-0.07962 -0.1031,-0.117544 -0.1756,-0.10654 z" style="fill:#4d4d4d;fill-opacity:1;stroke:none"/>
            <path d="m 3025.8478,71.347908 c -1.7279,1.352651 -3.3679,2.827202 -5.0192,4.277365 -0.065,0.774067 -0.051,1.581354 -0.016,2.365572 -0.03,0.24549 0.2488,0.416315 0.4301,0.224916 1.613,-1.317636 3.2159,-2.67265 4.7548,-4.084015 0.082,-0.8798 0.075,-1.796026 0,-2.68519 -0.01,-0.06743 -0.088,-0.125962 -0.1539,-0.09865 z" style="fill:#4d4d4d;fill-opacity:1;stroke:none"/>
            <path d="m 3025.5262,65.600692 c -1.6003,1.329183 -3.2089,2.668775 -4.7246,4.083857 0.012,0.830855 -0.077,1.687117 0.039,2.511729 0.2302,0.27419 0.565,-0.131633 0.7646,-0.267471 1.4196,-1.230903 2.8587,-2.447207 4.229,-3.731707 0.034,-0.7722 -0.033,-1.575543 -0.1151,-2.352848 -0.017,-0.105345 -0.026,-0.332497 -0.1927,-0.24356 z" style="fill:#4d4d4d;fill-opacity:1;stroke:none"/>
            <path d="m 3025.0389,60.052745 c -1.4769,1.097055 -2.8171,2.375086 -4.2123,3.576966 -0.066,0.768131 -0.045,1.569313 -0.016,2.347815 -0.037,0.237927 0.219,0.453339 0.4143,0.254512 1.4292,-1.179154 2.8235,-2.414853 4.2005,-3.653912 -0.01,-0.808982 -0.1531,-1.641618 -0.2506,-2.454355 -0.01,-0.07401 -0.088,-0.05861 -0.1361,-0.07103 z" style="fill:#4d4d4d;fill-opacity:1;stroke:none"/>
            <path d="m 3024.2832,54.680391 c -0.9572,0.671193 -1.7909,1.51996 -2.6891,2.272856 -0.2422,0.285273 -0.687,0.461629 -0.8032,0.81679 0.034,0.808433 -0.079,1.640818 0.053,2.436598 0.2276,0.268149 0.5473,-0.135991 0.7359,-0.258457 1.0582,-0.897691 2.1016,-1.837811 3.1685,-2.736487 0.014,-0.664285 -0.1785,-1.353651 -0.2544,-2.026307 -0.065,-0.147962 0.021,-0.503562 -0.2112,-0.504993 z" style="fill:#4d4d4d;fill-opacity:1;stroke:none"/>
            <path d="m 3023.2889,49.544791 c -0.8812,0.618644 -1.6444,1.390768 -2.4643,2.089359 -0.067,0.789145 -0.038,1.611158 -0.02,2.41095 -0.031,0.256177 0.2705,0.331057 0.4301,0.165728 0.8726,-0.720675 1.7417,-1.446297 2.557,-2.233384 0.2377,-0.279552 -0.046,-0.682279 -0.044,-1.004956 -0.1005,-0.463652 -0.1721,-0.933233 -0.315,-1.384292 -0.047,-0.01552 -0.087,-0.08682 -0.144,-0.04341 z" style="fill:#4d4d4d;fill-opacity:1;stroke:none"/>
            <path d="m 3022.1347,44.574919 c -0.5022,0.255969 -0.8723,0.714668 -1.314,1.06145 -0.068,0.787838 -0.034,1.608527 -0.016,2.407004 -0.034,0.253983 0.2662,0.339141 0.4262,0.171647 0.5346,-0.438631 1.0939,-0.870774 1.5665,-1.367257 -0.031,-0.549328 -0.2636,-1.101794 -0.3752,-1.649199 -0.104,-0.164395 -0.035,-0.610572 -0.2877,-0.623645 z" style="fill:#4d4d4d;fill-opacity:1;stroke:none"/>
            <path d="m 3020.8384,40.449472 c -0.1087,0.485622 -0.032,1.028894 -0.043,1.536931 -0.058,0.258767 0.2203,0.420996 0.4203,0.256485 0.3431,-0.115786 0.3084,-0.43255 0.1519,-0.702372 -0.1384,-0.369226 -0.2311,-0.773699 -0.4439,-1.100909 l -0.063,0.0073 -0.022,0.0026 z" style="fill:#4d4d4d;fill-opacity:1;stroke:none"/>
          </g>
          <g style="fill:#4d4d4d;fill-opacity:1;stroke:none" transform="matrix(-1,0,0,1,5840.7118,-108.43317)">
            <path style="fill:#4d4d4d;fill-opacity:1;stroke:none" d="m 3024.8613,84.189867 c -1.4096,1.066349 -2.7097,2.297956 -4.0426,3.470426 -0.062,0.792466 -0.043,1.618277 -0.01,2.420815 0.023,0.323983 0.4224,0.196791 0.5584,0.02959 0.8193,-0.696227 1.6877,-1.358359 2.4188,-2.144601 0.5041,-0.738534 0.6533,-1.657444 0.9426,-2.490826 0.094,-0.405686 0.2634,-0.809115 0.2747,-1.224247 -0.014,-0.06002 -0.095,-0.08002 -0.144,-0.06116 z"/>
            <path style="fill:#4d4d4d;fill-opacity:1;stroke:none" d="m 3025.7294,77.481822 c -0.5455,0.324508 -0.9965,0.817346 -1.5073,1.20153 -1.1502,0.984271 -2.3267,1.959924 -3.4205,2.996758 0.012,0.830888 -0.077,1.686864 0.039,2.51173 0.2301,0.273201 0.5675,-0.130573 0.7684,-0.265672 1.3718,-1.189297 2.767,-2.35687 4.0851,-3.607237 0.1125,-0.897584 0.2253,-1.819896 0.2111,-2.730569 -0.015,-0.07962 -0.1031,-0.117544 -0.1756,-0.10654 z"/>
            <path style="fill:#4d4d4d;fill-opacity:1;stroke:none" d="m 3025.8478,71.347908 c -1.7279,1.352651 -3.3679,2.827202 -5.0192,4.277365 -0.065,0.774067 -0.051,1.581354 -0.016,2.365572 -0.03,0.24549 0.2488,0.416315 0.4301,0.224916 1.613,-1.317636 3.2159,-2.67265 4.7548,-4.084015 0.082,-0.8798 0.075,-1.796026 0,-2.68519 -0.01,-0.06743 -0.088,-0.125962 -0.1539,-0.09865 z"/>
            <path style="fill:#4d4d4d;fill-opacity:1;stroke:none" d="m 3025.5262,65.600692 c -1.6003,1.329183 -3.2089,2.668775 -4.7246,4.083857 0.012,0.830855 -0.077,1.687117 0.039,2.511729 0.2302,0.27419 0.565,-0.131633 0.7646,-0.267471 1.4196,-1.230903 2.8587,-2.447207 4.229,-3.731707 0.034,-0.7722 -0.033,-1.575543 -0.1151,-2.352848 -0.017,-0.105345 -0.026,-0.332497 -0.1927,-0.24356 z"/>
            <path style="fill:#4d4d4d;fill-opacity:1;stroke:none" d="m 3025.0389,60.052745 c -1.4769,1.097055 -2.8171,2.375086 -4.2123,3.576966 -0.066,0.768131 -0.045,1.569313 -0.016,2.347815 -0.037,0.237927 0.219,0.453339 0.4143,0.254512 1.4292,-1.179154 2.8235,-2.414853 4.2005,-3.653912 -0.01,-0.808982 -0.1531,-1.641618 -0.2506,-2.454355 -0.01,-0.07401 -0.088,-0.05861 -0.1361,-0.07103 z"/>
            <path style="fill:#4d4d4d;fill-opacity:1;stroke:none" d="m 3024.2832,54.680391 c -0.9572,0.671193 -1.7909,1.51996 -2.6891,2.272856 -0.2422,0.285273 -0.687,0.461629 -0.8032,0.81679 0.034,0.808433 -0.079,1.640818 0.053,2.436598 0.2276,0.268149 0.5473,-0.135991 0.7359,-0.258457 1.0582,-0.897691 2.1016,-1.837811 3.1685,-2.736487 0.014,-0.664285 -0.1785,-1.353651 -0.2544,-2.026307 -0.065,-0.147962 0.021,-0.503562 -0.2112,-0.504993 z"/>
            <path style="fill:#4d4d4d;fill-opacity:1;stroke:none" d="m 3023.2889,49.544791 c -0.8812,0.618644 -1.6444,1.390768 -2.4643,2.089359 -0.067,0.789145 -0.038,1.611158 -0.02,2.41095 -0.031,0.256177 0.2705,0.331057 0.4301,0.165728 0.8726,-0.720675 1.7417,-1.446297 2.557,-2.233384 0.2377,-0.279552 -0.046,-0.682279 -0.044,-1.004956 -0.1005,-0.463652 -0.1721,-0.933233 -0.315,-1.384292 -0.047,-0.01552 -0.087,-0.08682 -0.144,-0.04341 z"/>
            <path style="fill:#4d4d4d;fill-opacity:1;stroke:none" d="m 3022.1347,44.574919 c -0.5022,0.255969 -0.8723,0.714668 -1.314,1.06145 -0.068,0.787838 -0.034,1.608527 -0.016,2.407004 -0.034,0.253983 0.2662,0.339141 0.4262,0.171647 0.5346,-0.438631 1.0939,-0.870774 1.5665,-1.367257 -0.031,-0.549328 -0.2636,-1.101794 -0.3752,-1.649199 -0.104,-0.164395 -0.035,-0.610572 -0.2877,-0.623645 z"/>
            <path style="fill:#4d4d4d;fill-opacity:1;stroke:none" d="m 3020.8384,40.449472 c -0.1087,0.485622 -0.032,1.028894 -0.043,1.536931 -0.058,0.258767 0.2203,0.420996 0.4203,0.256485 0.3431,-0.115786 0.3084,-0.43255 0.1519,-0.702372 -0.1384,-0.369226 -0.2311,-0.773699 -0.4439,-1.100909 l -0.063,0.0073 -0.022,0.0026 z"/>
          </g>
        </g>
      </g>
      <g transform="matrix(-0.1824341,0.77892092,-0.77892092,-0.1824341,3346.9928,-2119.1147)">
        <path style="fill:#b8a89d;fill-opacity:1;stroke:#000000;stroke-width:0.757614;stroke-linecap:square;stroke-linejoin:miter;stroke-miterlimit:4;stroke-dasharray:none;stroke-dashoffset:0;stroke-opacity:1" d="m 2820.2719,-69.834343 c -0.8779,1.443093 -1.2958,3.159521 -1.8106,4.773542 -2.3882,8.574524 -3.6037,17.485823 -4.049,26.379404 -0.1884,5.684018 -0.1531,11.524966 1.6222,16.984602 0.757,2.051698 1.8439,4.210735 3.7955,5.34924 0.6481,0.564484 1.3015,-0.158433 1.8112,-0.54059 2.5481,-2.163921 3.4018,-5.602717 4.0327,-8.744133 1.1012,-6.509615 0.7184,-13.164001 0.1501,-19.707607 -0.7491,-7.283684 -1.9479,-14.562157 -4.1276,-21.562648 -0.3659,-1.001464 -0.6743,-2.079485 -1.314,-2.939702 -0.036,-0.01126 -0.076,-0.01227 -0.1105,0.0079 z"/>
        <path style="fill:none;stroke:#000000;stroke-width:1px;stroke-linecap:butt;stroke-linejoin:miter;stroke-opacity:1" d="M 2820.3585,-16.292889 V -69.629727"/>
        <g style="fill:#4d4d4d;fill-opacity:1">
          <g transform="translate(-199.99856,-108.43317)" style="fill:#4d4d4d;fill-opacity:1;stroke:none">
            <path style="fill:#4d4d4d;fill-opacity:1;stroke:none" d="m 3024.8613,84.189867 c -1.4096,1.066349 -2.7097,2.297956 -4.0426,3.470426 -0.062,0.792466 -0.043,1.618277 -0.01,2.420815 0.023,0.323983 0.4224,0.196791 0.5584,0.02959 0.8193,-0.696227 1.6877,-1.358359 2.4188,-2.144601 0.5041,-0.738534 0.6533,-1.657444 0.9426,-2.490826 0.094,-0.405686 0.2634,-0.809115 0.2747,-1.224247 -0.014,-0.06002 -0.095,-0.08002 -0.144,-0.06116 z"/>
            <path style="fill:#4d4d4d;fill-opacity:1;stroke:none" d="m 3025.7294,77.481822 c -0.5455,0.324508 -0.9965,0.817346 -1.5073,1.20153 -1.1502,0.984271 -2.3267,1.959924 -3.4205,2.996758 0.012,0.830888 -0.077,1.686864 0.039,2.51173 0.2301,0.273201 0.5675,-0.130573 0.7684,-0.265672 1.3718,-1.189297 2.767,-2.35687 4.0851,-3.607237 0.1125,-0.897584 0.2253,-1.819896 0.2111,-2.730569 -0.015,-0.07962 -0.1031,-0.117544 -0.1756,-0.10654 z"/>
            <path style="fill:#4d4d4d;fill-opacity:1;stroke:none" d="m 3025.8478,71.347908 c -1.7279,1.352651 -3.3679,2.827202 -5.0192,4.277365 -0.065,0.774067 -0.051,1.581354 -0.016,2.365572 -0.03,0.24549 0.2488,0.416315 0.4301,0.224916 1.613,-1.317636 3.2159,-2.67265 4.7548,-4.084015 0.082,-0.8798 0.075,-1.796026 0,-2.68519 -0.01,-0.06743 -0.088,-0.125962 -0.1539,-0.09865 z"/>
            <path style="fill:#4d4d4d;fill-opacity:1;stroke:none" d="m 3025.5262,65.600692 c -1.6003,1.329183 -3.2089,2.668775 -4.7246,4.083857 0.012,0.830855 -0.077,1.687117 0.039,2.511729 0.2302,0.27419 0.565,-0.131633 0.7646,-0.267471 1.4196,-1.230903 2.8587,-2.447207 4.229,-3.731707 0.034,-0.7722 -0.033,-1.575543 -0.1151,-2.352848 -0.017,-0.105345 -0.026,-0.332497 -0.1927,-0.24356 z"/>
            <path style="fill:#4d4d4d;fill-opacity:1;stroke:none" d="m 3025.0389,60.052745 c -1.4769,1.097055 -2.8171,2.375086 -4.2123,3.576966 -0.066,0.768131 -0.045,1.569313 -0.016,2.347815 -0.037,0.237927 0.219,0.453339 0.4143,0.254512 1.4292,-1.179154 2.8235,-2.414853 4.2005,-3.653912 -0.01,-0.808982 -0.1531,-1.641618 -0.2506,-2.454355 -0.01,-0.07401 -0.088,-0.05861 -0.1361,-0.07103 z"/>
            <path style="fill:#4d4d4d;fill-opacity:1;stroke:none" d="m 3024.2832,54.680391 c -0.9572,0.671193 -1.7909,1.51996 -2.6891,2.272856 -0.2422,0.285273 -0.687,0.461629 -0.8032,0.81679 0.034,0.808433 -0.079,1.640818 0.053,2.436598 0.2276,0.268149 0.5473,-0.135991 0.7359,-0.258457 1.0582,-0.897691 2.1016,-1.837811 3.1685,-2.736487 0.014,-0.664285 -0.1785,-1.353651 -0.2544,-2.026307 -0.065,-0.147962 0.021,-0.503562 -0.2112,-0.504993 z"/>
            <path style="fill:#4d4d4d;fill-opacity:1;stroke:none" d="m 3023.2889,49.544791 c -0.8812,0.618644 -1.6444,1.390768 -2.4643,2.089359 -0.067,0.789145 -0.038,1.611158 -0.02,2.41095 -0.031,0.256177 0.2705,0.331057 0.4301,0.165728 0.8726,-0.720675 1.7417,-1.446297 2.557,-2.233384 0.2377,-0.279552 -0.046,-0.682279 -0.044,-1.004956 -0.1005,-0.463652 -0.1721,-0.933233 -0.315,-1.384292 -0.047,-0.01552 -0.087,-0.08682 -0.144,-0.04341 z"/>
            <path style="fill:#4d4d4d;fill-opacity:1;stroke:none" d="m 3022.1347,44.574919 c -0.5022,0.255969 -0.8723,0.714668 -1.314,1.06145 -0.068,0.787838 -0.034,1.608527 -0.016,2.407004 -0.034,0.253983 0.2662,0.339141 0.4262,0.171647 0.5346,-0.438631 1.0939,-0.870774 1.5665,-1.367257 -0.031,-0.549328 -0.2636,-1.101794 -0.3752,-1.649199 -0.104,-0.164395 -0.035,-0.610572 -0.2877,-0.623645 z"/>
            <path style="fill:#4d4d4d;fill-opacity:1;stroke:none" d="m 3020.8384,40.449472 c -0.1087,0.485622 -0.032,1.028894 -0.043,1.536931 -0.058,0.258767 0.2203,0.420996 0.4203,0.256485 0.3431,-0.115786 0.3084,-0.43255 0.1519,-0.702372 -0.1384,-0.369226 -0.2311,-0.773699 -0.4439,-1.100909 l -0.063,0.0073 -0.022,0.0026 z"/>
          </g>
          <g transform="matrix(-1,0,0,1,5840.7118,-108.43317)" style="fill:#4d4d4d;fill-opacity:1;stroke:none">
            <path d="m 3024.8613,84.189867 c -1.4096,1.066349 -2.7097,2.297956 -4.0426,3.470426 -0.062,0.792466 -0.043,1.618277 -0.01,2.420815 0.023,0.323983 0.4224,0.196791 0.5584,0.02959 0.8193,-0.696227 1.6877,-1.358359 2.4188,-2.144601 0.5041,-0.738534 0.6533,-1.657444 0.9426,-2.490826 0.094,-0.405686 0.2634,-0.809115 0.2747,-1.224247 -0.014,-0.06002 -0.095,-0.08002 -0.144,-0.06116 z" style="fill:#4d4d4d;fill-opacity:1;stroke:none"/>
            <path d="m 3025.7294,77.481822 c -0.5455,0.324508 -0.9965,0.817346 -1.5073,1.20153 -1.1502,0.984271 -2.3267,1.959924 -3.4205,2.996758 0.012,0.830888 -0.077,1.686864 0.039,2.51173 0.2301,0.273201 0.5675,-0.130573 0.7684,-0.265672 1.3718,-1.189297 2.767,-2.35687 4.0851,-3.607237 0.1125,-0.897584 0.2253,-1.819896 0.2111,-2.730569 -0.015,-0.07962 -0.1031,-0.117544 -0.1756,-0.10654 z" style="fill:#4d4d4d;fill-opacity:1;stroke:none"/>
            <path d="m 3025.8478,71.347908 c -1.7279,1.352651 -3.3679,2.827202 -5.0192,4.277365 -0.065,0.774067 -0.051,1.581354 -0.016,2.365572 -0.03,0.24549 0.2488,0.416315 0.4301,0.224916 1.613,-1.317636 3.2159,-2.67265 4.7548,-4.084015 0.082,-0.8798 0.075,-1.796026 0,-2.68519 -0.01,-0.06743 -0.088,-0.125962 -0.1539,-0.09865 z" style="fill:#4d4d4d;fill-opacity:1;stroke:none"/>
            <path d="m 3025.5262,65.600692 c -1.6003,1.329183 -3.2089,2.668775 -4.7246,4.083857 0.012,0.830855 -0.077,1.687117 0.039,2.511729 0.2302,0.27419 0.565,-0.131633 0.7646,-0.267471 1.4196,-1.230903 2.8587,-2.447207 4.229,-3.731707 0.034,-0.7722 -0.033,-1.575543 -0.1151,-2.352848 -0.017,-0.105345 -0.026,-0.332497 -0.1927,-0.24356 z" style="fill:#4d4d4d;fill-opacity:1;stroke:none"/>
            <path d="m 3025.0389,60.052745 c -1.4769,1.097055 -2.8171,2.375086 -4.2123,3.576966 -0.066,0.768131 -0.045,1.569313 -0.016,2.347815 -0.037,0.237927 0.219,0.453339 0.4143,0.254512 1.4292,-1.179154 2.8235,-2.414853 4.2005,-3.653912 -0.01,-0.808982 -0.1531,-1.641618 -0.2506,-2.454355 -0.01,-0.07401 -0.088,-0.05861 -0.1361,-0.07103 z" style="fill:#4d4d4d;fill-opacity:1;stroke:none"/>
            <path d="m 3024.2832,54.680391 c -0.9572,0.671193 -1.7909,1.51996 -2.6891,2.272856 -0.2422,0.285273 -0.687,0.461629 -0.8032,0.81679 0.034,0.808433 -0.079,1.640818 0.053,2.436598 0.2276,0.268149 0.5473,-0.135991 0.7359,-0.258457 1.0582,-0.897691 2.1016,-1.837811 3.1685,-2.736487 0.014,-0.664285 -0.1785,-1.353651 -0.2544,-2.026307 -0.065,-0.147962 0.021,-0.503562 -0.2112,-0.504993 z" style="fill:#4d4d4d;fill-opacity:1;stroke:none"/>
            <path d="m 3023.2889,49.544791 c -0.8812,0.618644 -1.6444,1.390768 -2.4643,2.089359 -0.067,0.789145 -0.038,1.611158 -0.02,2.41095 -0.031,0.256177 0.2705,0.331057 0.4301,0.165728 0.8726,-0.720675 1.7417,-1.446297 2.557,-2.233384 0.2377,-0.279552 -0.046,-0.682279 -0.044,-1.004956 -0.1005,-0.463652 -0.1721,-0.933233 -0.315,-1.384292 -0.047,-0.01552 -0.087,-0.08682 -0.144,-0.04341 z" style="fill:#4d4d4d;fill-opacity:1;stroke:none"/>
            <path d="m 3022.1347,44.574919 c -0.5022,0.255969 -0.8723,0.714668 -1.314,1.06145 -0.068,0.787838 -0.034,1.608527 -0.016,2.407004 -0.034,0.253983 0.2662,0.339141 0.4262,0.171647 0.5346,-0.438631 1.0939,-0.870774 1.5665,-1.367257 -0.031,-0.549328 -0.2636,-1.101794 -0.3752,-1.649199 -0.104,-0.164395 -0.035,-0.610572 -0.2877,-0.623645 z" style="fill:#4d4d4d;fill-opacity:1;stroke:none"/>
            <path d="m 3020.8384,40.449472 c -0.1087,0.485622 -0.032,1.028894 -0.043,1.536931 -0.058,0.258767 0.2203,0.420996 0.4203,0.256485 0.3431,-0.115786 0.3084,-0.43255 0.1519,-0.702372 -0.1384,-0.369226 -0.2311,-0.773699 -0.4439,-1.100909 l -0.063,0.0073 -0.022,0.0026 z" style="fill:#4d4d4d;fill-opacity:1;stroke:none"/>
          </g>
        </g>
      </g>
      <g transform="rotate(66.566932,2767.6635,31.494186)">
        <path d="m 2820.2719,-69.834343 c -0.8779,1.443093 -1.2958,3.159521 -1.8106,4.773542 -2.3882,8.574524 -3.6037,17.485823 -4.049,26.379404 -0.1884,5.684018 -0.1531,11.524966 1.6222,16.984602 0.757,2.051698 1.8439,4.210735 3.7955,5.34924 0.6481,0.564484 1.3015,-0.158433 1.8112,-0.54059 2.5481,-2.163921 3.4018,-5.602717 4.0327,-8.744133 1.1012,-6.509615 0.7184,-13.164001 0.1501,-19.707607 -0.7491,-7.283684 -1.9479,-14.562157 -4.1276,-21.562648 -0.3659,-1.001464 -0.6743,-2.079485 -1.314,-2.939702 -0.036,-0.01126 -0.076,-0.01227 -0.1105,0.0079 z" style="fill:#b8a89d;fill-opacity:1;stroke:#000000;stroke-width:0.757614;stroke-linecap:square;stroke-linejoin:miter;stroke-miterlimit:4;stroke-dasharray:none;stroke-dashoffset:0;stroke-opacity:1"/>
        <path d="M 2820.3585,-16.292889 V -69.629727" style="fill:none;stroke:#000000;stroke-width:1px;stroke-linecap:butt;stroke-linejoin:miter;stroke-opacity:1"/>
        <g style="fill:#4d4d4d;fill-opacity:1">
          <g style="fill:#4d4d4d;fill-opacity:1;stroke:none" transform="translate(-199.99856,-108.43317)">
            <path d="m 3024.8613,84.189867 c -1.4096,1.066349 -2.7097,2.297956 -4.0426,3.470426 -0.062,0.792466 -0.043,1.618277 -0.01,2.420815 0.023,0.323983 0.4224,0.196791 0.5584,0.02959 0.8193,-0.696227 1.6877,-1.358359 2.4188,-2.144601 0.5041,-0.738534 0.6533,-1.657444 0.9426,-2.490826 0.094,-0.405686 0.2634,-0.809115 0.2747,-1.224247 -0.014,-0.06002 -0.095,-0.08002 -0.144,-0.06116 z" style="fill:#4d4d4d;fill-opacity:1;stroke:none"/>
            <path d="m 3025.7294,77.481822 c -0.5455,0.324508 -0.9965,0.817346 -1.5073,1.20153 -1.1502,0.984271 -2.3267,1.959924 -3.4205,2.996758 0.012,0.830888 -0.077,1.686864 0.039,2.51173 0.2301,0.273201 0.5675,-0.130573 0.7684,-0.265672 1.3718,-1.189297 2.767,-2.35687 4.0851,-3.607237 0.1125,-0.897584 0.2253,-1.819896 0.2111,-2.730569 -0.015,-0.07962 -0.1031,-0.117544 -0.1756,-0.10654 z" style="fill:#4d4d4d;fill-opacity:1;stroke:none"/>
            <path d="m 3025.8478,71.347908 c -1.7279,1.352651 -3.3679,2.827202 -5.0192,4.277365 -0.065,0.774067 -0.051,1.581354 -0.016,2.365572 -0.03,0.24549 0.2488,0.416315 0.4301,0.224916 1.613,-1.317636 3.2159,-2.67265 4.7548,-4.084015 0.082,-0.8798 0.075,-1.796026 0,-2.68519 -0.01,-0.06743 -0.088,-0.125962 -0.1539,-0.09865 z" style="fill:#4d4d4d;fill-opacity:1;stroke:none"/>
            <path d="m 3025.5262,65.600692 c -1.6003,1.329183 -3.2089,2.668775 -4.7246,4.083857 0.012,0.830855 -0.077,1.687117 0.039,2.511729 0.2302,0.27419 0.565,-0.131633 0.7646,-0.267471 1.4196,-1.230903 2.8587,-2.447207 4.229,-3.731707 0.034,-0.7722 -0.033,-1.575543 -0.1151,-2.352848 -0.017,-0.105345 -0.026,-0.332497 -0.1927,-0.24356 z" style="fill:#4d4d4d;fill-opacity:1;stroke:none"/>
            <path d="m 3025.0389,60.052745 c -1.4769,1.097055 -2.8171,2.375086 -4.2123,3.576966 -0.066,0.768131 -0.045,1.569313 -0.016,2.347815 -0.037,0.237927 0.219,0.453339 0.4143,0.254512 1.4292,-1.179154 2.8235,-2.414853 4.2005,-3.653912 -0.01,-0.808982 -0.1531,-1.641618 -0.2506,-2.454355 -0.01,-0.07401 -0.088,-0.05861 -0.1361,-0.07103 z" style="fill:#4d4d4d;fill-opacity:1;stroke:none"/>
            <path d="m 3024.2832,54.680391 c -0.9572,0.671193 -1.7909,1.51996 -2.6891,2.272856 -0.2422,0.285273 -0.687,0.461629 -0.8032,0.81679 0.034,0.808433 -0.079,1.640818 0.053,2.436598 0.2276,0.268149 0.5473,-0.135991 0.7359,-0.258457 1.0582,-0.897691 2.1016,-1.837811 3.1685,-2.736487 0.014,-0.664285 -0.1785,-1.353651 -0.2544,-2.026307 -0.065,-0.147962 0.021,-0.503562 -0.2112,-0.504993 z" style="fill:#4d4d4d;fill-opacity:1;stroke:none"/>
            <path d="m 3023.2889,49.544791 c -0.8812,0.618644 -1.6444,1.390768 -2.4643,2.089359 -0.067,0.789145 -0.038,1.611158 -0.02,2.41095 -0.031,0.256177 0.2705,0.331057 0.4301,0.165728 0.8726,-0.720675 1.7417,-1.446297 2.557,-2.233384 0.2377,-0.279552 -0.046,-0.682279 -0.044,-1.004956 -0.1005,-0.463652 -0.1721,-0.933233 -0.315,-1.384292 -0.047,-0.01552 -0.087,-0.08682 -0.144,-0.04341 z" style="fill:#4d4d4d;fill-opacity:1;stroke:none"/>
            <path d="m 3022.1347,44.574919 c -0.5022,0.255969 -0.8723,0.714668 -1.314,1.06145 -0.068,0.787838 -0.034,1.608527 -0.016,2.407004 -0.034,0.253983 0.2662,0.339141 0.4262,0.171647 0.5346,-0.438631 1.0939,-0.870774 1.5665,-1.367257 -0.031,-0.549328 -0.2636,-1.101794 -0.3752,-1.649199 -0.104,-0.164395 -0.035,-0.610572 -0.2877,-0.623645 z" style="fill:#4d4d4d;fill-opacity:1;stroke:none"/>
            <path d="m 3020.8384,40.449472 c -0.1087,0.485622 -0.032,1.028894 -0.043,1.536931 -0.058,0.258767 0.2203,0.420996 0.4203,0.256485 0.3431,-0.115786 0.3084,-0.43255 0.1519,-0.702372 -0.1384,-0.369226 -0.2311,-0.773699 -0.4439,-1.100909 l -0.063,0.0073 -0.022,0.0026 z" style="fill:#4d4d4d;fill-opacity:1;stroke:none"/>
          </g>
          <g style="fill:#4d4d4d;fill-opacity:1;stroke:none" transform="matrix(-1,0,0,1,5840.7118,-108.43317)">
            <path style="fill:#4d4d4d;fill-opacity:1;stroke:none" d="m 3024.8613,84.189867 c -1.4096,1.066349 -2.7097,2.297956 -4.0426,3.470426 -0.062,0.792466 -0.043,1.618277 -0.01,2.420815 0.023,0.323983 0.4224,0.196791 0.5584,0.02959 0.8193,-0.696227 1.6877,-1.358359 2.4188,-2.144601 0.5041,-0.738534 0.6533,-1.657444 0.9426,-2.490826 0.094,-0.405686 0.2634,-0.809115 0.2747,-1.224247 -0.014,-0.06002 -0.095,-0.08002 -0.144,-0.06116 z"/>
            <path style="fill:#4d4d4d;fill-opacity:1;stroke:none" d="m 3025.7294,77.481822 c -0.5455,0.324508 -0.9965,0.817346 -1.5073,1.20153 -1.1502,0.984271 -2.3267,1.959924 -3.4205,2.996758 0.012,0.830888 -0.077,1.686864 0.039,2.51173 0.2301,0.273201 0.5675,-0.130573 0.7684,-0.265672 1.3718,-1.189297 2.767,-2.35687 4.0851,-3.607237 0.1125,-0.897584 0.2253,-1.819896 0.2111,-2.730569 -0.015,-0.07962 -0.1031,-0.117544 -0.1756,-0.10654 z"/>
            <path style="fill:#4d4d4d;fill-opacity:1;stroke:none" d="m 3025.8478,71.347908 c -1.7279,1.352651 -3.3679,2.827202 -5.0192,4.277365 -0.065,0.774067 -0.051,1.581354 -0.016,2.365572 -0.03,0.24549 0.2488,0.416315 0.4301,0.224916 1.613,-1.317636 3.2159,-2.67265 4.7548,-4.084015 0.082,-0.8798 0.075,-1.796026 0,-2.68519 -0.01,-0.06743 -0.088,-0.125962 -0.1539,-0.09865 z"/>
            <path style="fill:#4d4d4d;fill-opacity:1;stroke:none" d="m 3025.5262,65.600692 c -1.6003,1.329183 -3.2089,2.668775 -4.7246,4.083857 0.012,0.830855 -0.077,1.687117 0.039,2.511729 0.2302,0.27419 0.565,-0.131633 0.7646,-0.267471 1.4196,-1.230903 2.8587,-2.447207 4.229,-3.731707 0.034,-0.7722 -0.033,-1.575543 -0.1151,-2.352848 -0.017,-0.105345 -0.026,-0.332497 -0.1927,-0.24356 z"/>
            <path style="fill:#4d4d4d;fill-opacity:1;stroke:none" d="m 3025.0389,60.052745 c -1.4769,1.097055 -2.8171,2.375086 -4.2123,3.576966 -0.066,0.768131 -0.045,1.569313 -0.016,2.347815 -0.037,0.237927 0.219,0.453339 0.4143,0.254512 1.4292,-1.179154 2.8235,-2.414853 4.2005,-3.653912 -0.01,-0.808982 -0.1531,-1.641618 -0.2506,-2.454355 -0.01,-0.07401 -0.088,-0.05861 -0.1361,-0.07103 z"/>
            <path style="fill:#4d4d4d;fill-opacity:1;stroke:none" d="m 3024.2832,54.680391 c -0.9572,0.671193 -1.7909,1.51996 -2.6891,2.272856 -0.2422,0.285273 -0.687,0.461629 -0.8032,0.81679 0.034,0.808433 -0.079,1.640818 0.053,2.436598 0.2276,0.268149 0.5473,-0.135991 0.7359,-0.258457 1.0582,-0.897691 2.1016,-1.837811 3.1685,-2.736487 0.014,-0.664285 -0.1785,-1.353651 -0.2544,-2.026307 -0.065,-0.147962 0.021,-0.503562 -0.2112,-0.504993 z"/>
            <path style="fill:#4d4d4d;fill-opacity:1;stroke:none" d="m 3023.2889,49.544791 c -0.8812,0.618644 -1.6444,1.390768 -2.4643,2.089359 -0.067,0.789145 -0.038,1.611158 -0.02,2.41095 -0.031,0.256177 0.2705,0.331057 0.4301,0.165728 0.8726,-0.720675 1.7417,-1.446297 2.557,-2.233384 0.2377,-0.279552 -0.046,-0.682279 -0.044,-1.004956 -0.1005,-0.463652 -0.1721,-0.933233 -0.315,-1.384292 -0.047,-0.01552 -0.087,-0.08682 -0.144,-0.04341 z"/>
            <path style="fill:#4d4d4d;fill-opacity:1;stroke:none" d="m 3022.1347,44.574919 c -0.5022,0.255969 -0.8723,0.714668 -1.314,1.06145 -0.068,0.787838 -0.034,1.608527 -0.016,2.407004 -0.034,0.253983 0.2662,0.339141 0.4262,0.171647 0.5346,-0.438631 1.0939,-0.870774 1.5665,-1.367257 -0.031,-0.549328 -0.2636,-1.101794 -0.3752,-1.649199 -0.104,-0.164395 -0.035,-0.610572 -0.2877,-0.623645 z"/>
            <path style="fill:#4d4d4d;fill-opacity:1;stroke:none" d="m 3020.8384,40.449472 c -0.1087,0.485622 -0.032,1.028894 -0.043,1.536931 -0.058,0.258767 0.2203,0.420996 0.4203,0.256485 0.3431,-0.115786 0.3084,-0.43255 0.1519,-0.702372 -0.1384,-0.369226 -0.2311,-0.773699 -0.4439,-1.100909 l -0.063,0.0073 -0.022,0.0026 z"/>
          </g>
        </g>
      </g>
      <g>
        <path style="fill:#ffffff;stroke:#000000;stroke-width:0.5px;stroke-linecap:butt;stroke-linejoin:miter;stroke-opacity:1" d="m 2713.8113,127.02015 0.8818,9.78385 -3.8575,1.38163 c 0.6185,-3.98896 -1.5744,-10.00846 2.9757,-11.16548 z"/>
        <path style="fill:#ffffff;stroke:#000000;stroke-width:0.5px;stroke-linecap:butt;stroke-linejoin:miter;stroke-opacity:1" d="m 2720.7577,125.26779 0.8818,9.78385 -3.8575,1.38163 c 0.6185,-3.98896 -1.5744,-10.00846 2.9757,-11.16548 z"/>
        <path style="fill:#ffffff;stroke:#000000;stroke-width:0.5px;stroke-linecap:butt;stroke-linejoin:miter;stroke-opacity:1" d="m 2727.7025,122.36359 0.8818,9.78385 -3.8575,1.38163 c 0.6185,-3.98896 -1.5744,-10.00846 2.9757,-11.16548 z"/>
        <path style="fill:#ffffff;stroke:#000000;stroke-width:0.5px;stroke-linecap:butt;stroke-linejoin:miter;stroke-opacity:1" d="m 2733.6371,119.45941 0.8818,9.78385 -3.8575,1.38163 c 0.6185,-3.98896 -1.5744,-10.00846 2.9757,-11.16548 z"/>
        <path style="fill:#ffffff;stroke:#000000;stroke-width:0.5px;stroke-linecap:butt;stroke-linejoin:miter;stroke-opacity:1" d="m 2741.2133,117.06029 0.8818,9.78385 -3.8575,1.38163 c 0.6185,-3.98896 -1.5744,-10.00846 2.9757,-11.16548 z"/>
        <path style="fill:#ffffff;stroke:#000000;stroke-width:0.5px;stroke-linecap:butt;stroke-linejoin:miter;stroke-opacity:1" d="m 2748.9157,113.52476 0.8818,9.78385 -3.8575,1.38163 c 0.6185,-3.98896 -1.5744,-10.00846 2.9757,-11.16548 z"/>
        <path d="m 2706.1089,89.824577 0.8818,-9.78385 -3.8575,-1.38163 c 0.6185,3.98896 -1.5744,10.00846 2.9757,11.16548 z" style="fill:#ffffff;stroke:#000000;stroke-width:0.5px;stroke-linecap:butt;stroke-linejoin:miter;stroke-opacity:1"/>
        <path d="m 2713.5603,91.86028 0.8818,-9.78385 -3.8575,-1.38163 c 0.6185,3.98896 -1.5744,10.00846 2.9757,11.16548 z" style="fill:#ffffff;stroke:#000000;stroke-width:0.5px;stroke-linecap:butt;stroke-linejoin:miter;stroke-opacity:1"/>
        <path d="m 2720.7577,93.249241 0.8818,-9.78385 -3.8575,-1.38163 c 0.6185,3.98896 -1.5744,10.00846 2.9757,11.16548 z" style="fill:#ffffff;stroke:#000000;stroke-width:0.5px;stroke-linecap:butt;stroke-linejoin:miter;stroke-opacity:1"/>
        <path d="m 2727.8288,94.385662 0.8818,-9.78385 -3.8575,-1.38163 c 0.6185,3.98896 -1.5744,10.00846 2.9757,11.16548 z" style="fill:#ffffff;stroke:#000000;stroke-width:0.5px;stroke-linecap:butt;stroke-linejoin:miter;stroke-opacity:1"/>
        <path d="m 2735.5312,96.784775 0.8818,-9.78385 -3.8575,-1.38163 c 0.6185,3.98896 -1.5744,10.00846 2.9757,11.16548 z" style="fill:#ffffff;stroke:#000000;stroke-width:0.5px;stroke-linecap:butt;stroke-linejoin:miter;stroke-opacity:1"/>
        <path d="m 2743.1073,98.300003 0.8818,-9.78385 -3.8575,-1.38163 c 0.6185,3.98896 -1.5744,10.00846 2.9757,11.16548 z" style="fill:#ffffff;stroke:#000000;stroke-width:0.5px;stroke-linecap:butt;stroke-linejoin:miter;stroke-opacity:1"/>
        <path d="m 2751.0623,97.921196 0.8818,-9.78385 -3.8575,-1.38163 c 0.6185,3.98896 -1.5744,10.00846 2.9757,11.16548 z" style="fill:#ffffff;stroke:#000000;stroke-width:0.5px;stroke-linecap:butt;stroke-linejoin:miter;stroke-opacity:1"/>
      </g>
      <g transform="rotate(70.732291,2773.064,39.630075)">
        <path style="fill:#b8a89d;fill-opacity:1;stroke:#000000;stroke-width:0.757614;stroke-linecap:square;stroke-linejoin:miter;stroke-miterlimit:4;stroke-dasharray:none;stroke-dashoffset:0;stroke-opacity:1" d="m 2820.2719,-69.834343 c -0.8779,1.443093 -1.2958,3.159521 -1.8106,4.773542 -2.3882,8.574524 -3.6037,17.485823 -4.049,26.379404 -0.1884,5.684018 -0.1531,11.524966 1.6222,16.984602 0.757,2.051698 1.8439,4.210735 3.7955,5.34924 0.6481,0.564484 1.3015,-0.158433 1.8112,-0.54059 2.5481,-2.163921 3.4018,-5.602717 4.0327,-8.744133 1.1012,-6.509615 0.7184,-13.164001 0.1501,-19.707607 -0.7491,-7.283684 -1.9479,-14.562157 -4.1276,-21.562648 -0.3659,-1.001464 -0.6743,-2.079485 -1.314,-2.939702 -0.036,-0.01126 -0.076,-0.01227 -0.1105,0.0079 z"/>
        <path style="fill:none;stroke:#000000;stroke-width:1px;stroke-linecap:butt;stroke-linejoin:miter;stroke-opacity:1" d="M 2820.3585,-16.292889 V -69.629727"/>
        <g style="fill:#4d4d4d;fill-opacity:1">
          <g transform="translate(-199.99856,-108.43317)" style="fill:#4d4d4d;fill-opacity:1;stroke:none">
            <path style="fill:#4d4d4d;fill-opacity:1;stroke:none" d="m 3024.8613,84.189867 c -1.4096,1.066349 -2.7097,2.297956 -4.0426,3.470426 -0.062,0.792466 -0.043,1.618277 -0.01,2.420815 0.023,0.323983 0.4224,0.196791 0.5584,0.02959 0.8193,-0.696227 1.6877,-1.358359 2.4188,-2.144601 0.5041,-0.738534 0.6533,-1.657444 0.9426,-2.490826 0.094,-0.405686 0.2634,-0.809115 0.2747,-1.224247 -0.014,-0.06002 -0.095,-0.08002 -0.144,-0.06116 z"/>
